0 796
1 918383
2 456514
3 1075470
4 1868589
5 2062771
6 2195547
7 53762
8 91810
9 102469
10 170012
11 251569
12 397259
13 552844
14 653552
15 932319
16 1151224
17 806346
18 1062117
19 1573895
20 2345932
21 3770514
22 5181768
23 1163905
24 1352846
25 1522650
26 1814239
27 2139952
28 2932212
29 4289469
30 6390217
31 9082515
32 10439337
33 2366497
34 1912499
35 1799819
36 1510337
37 1586537
38 2044356
39 2549754
40 3426865
41 4406037
42 5076168
43 5668355
44 3142870
45 1570772
46 1783125
47 900497
48 891724
49 933498
50 841976
51 894575
52 955077
53 1007848
54 1055795
55 1101425
56 1148920
57 1195898
58 1245913
59 1296491
60 1346325
61 1391307
62 1426515
63 1456043
64 1484331
65 1512512
66 1539258
67 1596581
68 1651100
69 1709220
70 1761392
71 1812832
72 1856675
73 1897939
74 1937212
75 1974450
76 2009318
77 2040643
78 2074972
79 2105823
80 2138065
81 2172556
82 2212874
83 2260783
84 2314394
85 2368940
86 2432846
87 2491156
88 2540912
89 2578281
90 2606719
91 2633881
92 2643265
93 2645455
94 2632219
95 2606173
96 2570753
97 2528633
98 2478571
99 2432968
100 2394895
101 2371131
102 2354157
103 2369016
104 2429630
105 2475228
106 2511999
107 2538467
108 2554840
109 2559583
110 2555412
111 2533737
112 2496181
113 2445174
114 2380267
115 2308738
116 2238039
117 2176159
118 2120635
119 2108450
120 2151728
121 2204700
122 2258177
123 2312995
124 2370485
125 2424964
126 2482290
127 2546902
128 2614048
129 2680974
130 2747610
131 2816898
132 2887193
133 2959015
134 3028446
135 3104024
136 3177175
137 3253809
138 3328113
139 3413321
140 3495045
141 3581429
142 3670458
143 3763619
144 3849178
145 3944362
146 4039530
147 4132281
148 4225290
149 4322009
150 4423478
151 4523331
152 4631266
153 4732395
154 4843437
155 4951251
156 5067260
157 5182686
158 5297183
159 5414866
160 5537449
161 5654323
162 5776706
163 5893667
164 6018451
165 6143385
166 6267208
167 6390172
168 6512549
169 6640925
170 6763194
171 6883533
172 7011075
173 7129668
174 7250633
175 7358214
176 7464959
177 7565028
178 7658068
179 7746346
180 7824635
181 7901074
182 7972206
183 8029623
184 8081851
185 8121662
186 8176018
187 8238816
188 8312426
189 8412143
190 8565710
191 8713758
192 8868123
193 9027914
194 9180925
195 9344208
196 9499423
197 9660560
198 9827622
199 9997116
200 10170230
201 10332885
202 10499508
203 10672153
204 10829946
205 10990355
206 11137240
207 11276381
208 11400378
209 11517907
210 11618074
211 11715078
212 11801783
213 11885671
214 11957303
215 12000970
216 12049770
217 12066696
218 12068031
219 12077918
220 12076926
221 12085900
222 12105746
223 12136996
224 12216957
225 12338943
226 12477046
227 12565547
228 12593554
229 12544570
230 12429355
231 12219143
232 11934391
233 11583227
234 11175339
235 10675347
236 10026785
237 9169136
238 8037793
239 6479863
240 4287250
241 1682944
