0 6521982
1 56633
2 43689
3 39695
4 36649
5 35279
6 33444
7 32743
8 31669
9 31367
10 30459
11 30080
12 29324
13 29289
14 28667
15 28117
16 28052
17 27649
18 27235
19 27057
20 26910
21 26687
22 26494
23 26297
24 26223
25 26210
26 25949
27 25776
28 26173
29 25858
30 26051
31 25952
32 25866
33 25691
34 26054
35 25674
36 25575
37 25653
38 25945
39 25963
40 26076
41 26060
42 26243
43 26078
44 25856
45 26110
46 26416
47 26401
48 26766
49 26838
50 26670
51 27002
52 27546
53 27413
54 27290
55 27920
56 27771
57 28070
58 28323
59 28984
60 28970
61 29055
62 29642
63 29628
64 30308
65 30487
66 30740
67 31076
68 31256
69 31783
70 32177
71 32598
72 32956
73 33370
74 34320
75 34334
76 34768
77 35354
78 35993
79 36587
80 37219
81 37860
82 38337
83 39123
84 40150
85 40657
86 41375
87 42200
88 42931
89 43898
90 44704
91 45906
92 47091
93 48255
94 48805
95 50282
96 51253
97 52998
98 54065
99 55800
100 56882
101 58619
102 60459
103 61426
104 63531
105 65271
106 67737
107 69229
108 71077
109 73485
110 75567
111 77831
112 80366
113 83224
114 85514
115 88229
116 90917
117 94007
118 96589
119 99511
120 102822
121 105642
122 108562
123 111415
124 114799
125 117301
126 119611
127 122985
128 125514
129 127840
130 130283
131 132469
132 133441
133 134628
134 135702
135 135295
136 136127
137 135096
138 133299
139 132257
140 129517
141 126461
142 122530
143 118485
144 113470
145 108683
146 102182
147 96073
148 89362
149 83113
150 76459
151 69766
152 63020
153 56283
154 50028
155 44105
156 38625
157 33192
158 28309
159 23655
160 19925
161 16422
162 13286
163 10843
164 8549
165 6595
166 5270
167 3931
168 3030
169 2197
170 1591
171 1205
172 783
173 548
174 396
175 255
176 184
177 104
178 71
179 38
180 17
181 14
182 4
183 1
184 1
