0 8421629
1 2156664
2 1376391
3 829388
4 501852
5 318682
6 215518
7 156702
8 120184
9 97264
10 82545
11 72071
12 64426
13 59117
14 54766
15 51363
16 48152
17 46321
18 43980
19 42367
20 41323
21 39738
22 38204
23 37350
24 36041
25 35248
26 33918
27 32797
28 32041
29 31091
30 29948
31 28301
32 27184
33 25973
34 24419
35 22920
36 21019
37 18955
38 17151
39 14898
40 13174
41 11431
42 9789
43 8213
44 7005
45 6124
46 5111
47 4464
48 3991
49 3701
50 3172
51 2941
52 2501
53 2356
54 2054
55 1833
56 1483
57 1161
58 929
59 737
60 516
61 324
62 194
63 154
64 61
65 29
66 9
67 3
